-297
6928
-2778
6518
-1976
-4568
5308
-5447
1164
6348
-2151
-6557
-273
4901
-2258
6757
3777
5061
2602
-3201
7021
-1162
-5865
5974
-6616
4130
1441
1715
2882
220
-6541
4569
3357
3341
6591
2302
-5448
2234
4185
-3350
-7193
6130
4990
-3155
-4830
6998
-6345
-4742
-2824
-6207
2901
1441
-738
791
-4840
6059
-5848
41
-1167
142
1235
-3130
-4127
3088
-7171
7389
-516
-4552
7731
-1585
-1138
4847
2021
-6959
-3239
-4682
-5319
-3714
-2951
4992
-7558
-6789
4198
2224
5675
1604
6548
3373
188
5652
5304
4258
-1575
-1551
-4438
6354
-5286
-7466
-5918
1048
-3621
-3079
3745
-3587
2794
61
-6994
-1038
4823
6322
-6726
2092
-3029
1607
-670
-8033
2744
-5999
5071
6163
7241
5045
7163
-6301
-5897
-6286
-2413
3285
-2791
-1718
7029
6035
3798
3022
7125
-5817
-3752
-4855
-4351
6100
1951
-2556
7101
-1742
-3856
1401
-4020
866
2281
-4205
6925
2703
5427
-798
5566
1861
6867
-3492
-2719
-4406
-739
-882
4280
1947
-6074
-2078
3950
1026
-5739
-4086
5077
3282
-2249
4234
4422
1605
2476
-8092
297
-1812
2274
733
2194
-5931
-4388
5996
133
1212
-7665
-3389
-3370
-2201
-5814
2806
-592
1317
-1200
4295
-4175
-159
3077
4116
3758
-1953
6465
4440
6937
281
6468
5725
509
6963
3270
-5117
4003
-5862
5803
-5334
5331
1596
6992
-7493
4280
4448
2437
1237
4449
4902
3864
4371
7392
2713
6923
5626
5394
2543
-4254
896
-6149
-4765
-7013
-5960
-309
5674
-8005
5786
-638
-3182
-7167
495
1324
1081
-4806
7769
2762
6505
6066
3200
-2866
1680
-2878
5466
4417
1757
779
3218
5763
758
1342
5144
174
215
6806
6857
-615
-6203
6883
4149
-1675
-7568
6212
-6258
-490
2343
2162
-7248
-2352
7732
-2125
1612
2812
1624
1906
7214
-7913
1890
6762
174
-890
-2327
-3975
4659
2040
-7384
5144
-3613
-408
8184
7012
2152
1215
489
7896
-5668
-6637
-3718
-6246
4821
1166
-8072
-2193
6282
-3858
2931
-5044
1573
-1370
4443
-7797
291
-5474
2874
4279
-4378
-1380
-4597
5125
-2724
-1217
-8009
3168
4295
-1372
4144
3359
6317
7592
-5210
3926
-4646
-567
4839
3783
-5231
-598
-7981
4724
5586
-6606
7165
722
7877
-432
-2210
3996
-700
-4258
-4813
1858
-4474
-6112
7670
-7684
7399
4200
-647
-7552
1492
-168
-2017
3660
6357
1604
6709
8097
-5708
562
-7314
-3314
-4151
1535
4220
4772
-5017
3872
1225
-7988
-3487
5890
7764
1202
-5963
-3312
7593
6748
603
5455
-5126
2140
1319
8104
-5799
-737
6617
7106
3351
-2592
-186
2442
566
4413
6815
5713
2571
3940
-290
-4463
3823
490
-6831
-948
-3804
3385
-3777
1042
-2108
-604
-1865
-3426
-4124
4633
-5000
3356
-7223
-397
6395
5641
-3007
1897
6812
6327
-479
-1497
-281
-4755
5598
-7817
-4866
-6104
836
-1380
3881
1025
1876
3004
6006
-725
5691
7672
6544
-5225
3950
-741
5020
4151
7649
-277
-8115
-6436
2662
-3041
-5110
-4419
-5598
1262
-6347
-1130
-3286
6976
3995
361
-7875
7300
2811
-4892
-2917
5407
-4944
-1441
-2813
6012
-8071
7552
714
-3899
5223
-5250
-8170
-2772
7141
6656
-966
1511
-6685
1184
-5332
4791
29
2832
4899
-1756
393
-1577
-1460
840
5598
4024
-341
-6076
1087
4529
-7666
4180
-5370
-100
-3028
-389
2732
7029
1244
-7717
6615
5431
-6030
-3932
-899
3427
-1995
3750
6196
31
6396
-7802
8091
2807
-3610
5258
3811
8003
7480
-4591
-3209
4902
-687
-1885
-1845
-7377
-55
-7775
5185
5791
-1880
3994
2613
6214
8130
4666
-6614
-2549
6704
-4641
-8179
6407
6633
-6966
2215
-6067
-640
-17
-2272
-6071
-1545
-1686
4526
2242
-1856
2703
-5283
-3202
-3116
-100
4344
3457
-1556
4878
-235
-782
-6947
-3442
6975
-6757
-5103
-4218
-5572
-4596
7456
-683
7551
-164
-7028
-229
-3672
4492
-3941
1842
-1994
-2424
6223
2618
1615
-2613
4226
-6192
-7514
-5473
6430
2779
-4982
-2306
-5000
899
5647
-744
6859
7359
-5290
-3725
7122
3978
247
-2135
127
5554
911
7121
3801
-435
612
6781
-3597
1482
-4299
2396
2055
5024
-4834
4732
-1872
8101
-5975
5166
7494
-7938
4848
6022
-6828
2222
-1554
-4226
309
-5682
6117
-3400
-818
4440
5098
-7715
5221
-4192
3468
-4955
-4706
5473
-4701
-6285
-362
-6544
5686
-7267
3352
1040
-5244
-954
4092
4322
4148
2537
7327
4215
3736
3699
-5507
1156
2331
3084
5867
2481
-5173
6259
-3342
5646
-1790
7939
1349
6948
-5330
-7338
2659
-4699
1472
-2427
7368
-2880
3889
-3830
3917
787
3632
-7356
-7264
6973
1000
3733
-6435
528
-658
6442
7756
-8095
-2487
3670
3636
5756
-6631
7580
1245
823
-3223
-5560
-3165
-8030
-6767
7610
54
-1960
4036
3647
6126
4470
3896
-4964
-4277
6694
5747
2600
-2166
-4393
8114
-5739
-2973
267
117
-5043
-1056
-51
-2010
3700
2648
958
-3096
910
-2934
-7989
-7811
-6723
-7724
8062
2895
2472
6290
-18
6047
-5900
1684
2132
-6964
-2703
4024
316
7355
1747
3238
-7851
-1691
-2791
938
2789
5245
4494
1452
7389
-960
4202
-1717
-1659
-6313
5397
-488
1236
488
-3320
-3602
-928
-4677
5457
623
-5395
-4217
7858
5274
6564
-7332
-2971
-4984
225
-3540
1407
8005
6825
-7566
239
-1845
6328
-508
3105
-8166
-8141
-6411
-5052
-7308
3328
5538
-3035
-2379
7855
6622
-5961
3536
4371
6457
-4559
7524
626
-7061
-4142
-5252
-5803
7646
5188
-1434
-1027
2905
-3942
-2133
2930
3272
3064
-1747
-3014
4649
-6705
-3490
-6492
2705
4290
-5220
-5953
-6563
5161
-6741
5099
-6539
-6608
-3253
-4086
4794
-3940
-3336
-4525
4495
-3542
-3392
-6717
-1403
-4459
-6082
4913
7713
-206
1717
-259
7368
-2502
7497
2661
1738
-6492
1879
1653
8076
684
6388
5785
-561
-7435
4482
209
-7395
-6072
-401
-4736
1108
2551
6152
-1823
7499
737
634
6168
2465
-4333
-791
-3103
-859
3080
-5976
-1305
4704
-4723
-3431
3508
5054
6468
2207
1601
-6181
6851
-6850
-726
3178
601
6996
3712
3904
-8082
-5135
59
-7425
-4219
4177
3146
2270
-289
506
-4023
-5738
4030
-5391
1230
5991
-2237
2070
-415
4937
-2316
-6240
6663
3886
7647
3507
6010
1907
-7083
-5859
759
-4760
5203
-7632
-3917
-779
-3965
-4679
-5140
-2196
-5157
-4577
-1127
7533
-7201
3223
-322
-7692
-4216
5251
607
-3969
-2878
-1301
4879
91
5771
7188
-5084
3854
-4675
6461
1673
-1058
7787
-8072
-5840
7808
-1056
2213
-734
4829
3401
2954
1846
5119
-6928
2062
2395
-8166
7202
5780
-4718
-76
-6737
6516
-900
-5642
2317
5014
396
-8180
-2024
-4312
7898
-1608
4472
-386
-3437
-778
416
-7927
4113
-1337
5231
5743
-4477
2848
-5771
-5686
3913
-7699
7380
-260
-545
5950
5826
-5072
-5260
7316
5031
-5780
2071
-1724
5864
82
7053
2057
6720
1525
-61
4009
-5178
2264
-293
-3907
3215
-765
-2331
676
498
4158
1323
6529
-5277
-3984
6954
3951
3837
-4591
-231
2759
-4449
1226
6696
7049
6066
-3026
5704
-5658
-123
-3438
-4703
4077
7767
-7160
-4699
6228
6895
8057
4030
-930
-1814
-5152
-5721
6891
7057
-93
5973
669
3940
-5108
-8047
2341
-5064
-282
-988
2478
505
1074
-3411
1122
-7667
-3575
787
-1768
-2218
-6004
2706
-2273
-302
4102
4725
-989
4833
-221
1375
7229
6947
-3254
-4538
3354
4861
1301
766
3650
-1866
-7439
7278
2184
5954
-1071
7778
7825
-869
-7155
-3844
2172
3784
7768
3528
-2894
4477
4830
620
1991
3677
7803
-5383
-2674
-3618
1048
1505
3386
3785
-5599
-7291
-3408
6750
-4574
4970
7915
4881
-1921
4361
-7801
-7180
6738
4673
-658
-2383
8032
-1686
6817
1586
7732
3335
-6370
-7200
-4004
-2281
-7953
389
7362
-4599
-7341
-3633
7714
2378
-3835
-3726
4010
-7299
5546
-5398
-5712
3143
6233
1754
6285
-5179
6466
-1260
6039
6555
5248
-5577
6716
2474
-7173
1519
-4806
4190
-1418
1500
6651
-8030
-3657
-6895
-2546
1393
-6699
-1992
-5952
-1781
-2149
3664
4312
7104
-4070
-4589
5234
-5012
8012
-7689
1267
1153
-4124
-6962
-7893
-1606
2612
-7923
8073
-6286
54
5287
2680
401
7355
2964
6359
-3298
4018
755
3222
-5514
4496
-6457
363
5400
-2082
-927
-2636
-4837
5344
-5285
-2201
6718
7264
-2243
-203
2203
-6245
7103
-7235
-2313
4675
7594
-4372
7865
2739
604
-141
-2187
3890
-25
96
-2012
-3490
6101
-7970
6131
-8007
-4470
5640
-3914
337
4423
4327
1272
-5239
-825
-3443
2992
3076
5769
-6069
913
-3406
-5462
-1524
-4098
-7181
-8084
-2860
410
-6424
-2216
-1197
3193
-5415
-260
-6493
3573
-576
6993
289
-7137
-4620
1981
1383
-1839
4337
-5456
-5272
605
2373
-5138
-4699
7140
1430
8041
4236
5957
4814
-2359
5616
2737
-1176
2954
-6494
-1064
3540
-3136
7215
-5438
1030
-3206
-2893
7741
-6627
-830
6875
-3090
-7634
4157
3065
5638
-3279
-3981
1600
6292
4355
-1619
2335
-8078
922
4215
4537
5597
4935
-1855
7554
1189
-4059
1959
7414
-5122
2719
458
-8076
8177
-2273
6233
-5833
-397
5844
5808
-6027
6672
8091
-3428
5776
7236
-755
4409
-4999
359
-6999
-3463
-5851
-4028
5912
5442
-4825
3909
-5986
1587
5740
6476
2720
-5373
-6635
5153
-4016
-889
6768
-5500
2165
335
1807
3039
-6568
-1300
5385
5018
5065
6097
-2737
6667
-6577
7124
-4314
-3832
4463
4432
5316
-4581
4115
-2839
2054
1106
7964
-4629
6477
4016
-7422
1360
-5512
5189
-3417
-4771
8188
4822
-7877
3048
2592
-2760
330
6457
4181
-3009
-1310
1419
2226
-1714
-4384
-2257
1421
7563
346
4940
822
2226
1319
-7355
-50
4483
-7542
2231
-6332
-7719
-3331
4638
7535
89
-5094
-7660
4167
452
5028
-1226
7230
1001
5812
-7517
-4932
-3014
-512
-5341
-7496
1018
6470
6881
-5263
3089
7125
-555
4428
637
1084
5825
-3896
870
2315
214
7069
4045
-6969
-3085
5107
992
-1300
-630
-5698
-6420
-4069
-8160
-7113
5872
-4254
-5264
374
-3636
-2390
-213
-2516
-493
-7109
2655
-2180
-2685
8043
-1678
-1800
-3314
5734
-6967
-5959
-6507
-5353
-3574
5017
4145
2357
-1541
-1141
-6867
-152
-6906
2585
-8044
5530
4186
-5891
-7836
-1445
-4688
-5415
6237
364
-4185
3601
-6280
3437
-2867
969
-2825
7841
828
1272
5141
-7970
1757
8107
1371
-3437
-7092
1622
-3953
-270
4696
2901
6730
-6851
3110
4737
-2266
1836
3570
-7443
7825
-1924
-4494
-7488
-192
-5740
1751
-6355
5955
1872
-1167
-7538
4530
-5648
5871
6814
3074
3354
2625
-3882
-6921
-5364
795
-6433
5942
-2850
-5354
-5835
374
499
373
2525
7763
-3968
-7806
-2755
3520
4405
-6252
2841
-3561
6152
1710
-6738
719
-5088
197
-1817
5834
4319
5022
5052
2120
521
3154
-4693
-2948
-751
4976
2638
-1863
4482
-7233
7451
-4279
-3445
-611
-2245
3547
-7261
2311
-5758
-6248
-1444
-1994
-7028
-2863
3908
7395
248
-7594
6133
551
-1601
2662
1086
-766
685
6463
6250
1399
1279
-173
7854
2641
-5091
-3306
-5711
4486
3182
-7050
564
5941
3674
-7192
-1568
-691
-6307
7963
-722
-564
2887
-2740
7792
-3679
8080
1334
-3073
7727
6872
-2395
894
7023
6781
-7770
5195
1202
6229
5470
-7418
1537
2699
-8076
4154
-2015
6038
7468
1064
7479
-6059
-7407
-7758
-4091
583
-8113
613
6094
-3098
-869
5535
-3363
-734
2000
7392
2461
-517
5657
7981
7268
5433
3012
3487
7634
-1722
-1351
-3318
3025
-2773
5000
-5943
-1735
5031
3096
-5466
-1519
-7573
-510
999
1140
6003
7802
-4236
-2033
638
4582
-6876
7747
5294
-755
-4569
5356
-6084
5614
-1393
-2627
4690
5674
4600
-5049
-5877
4383
6486
3221
1928
3988
2012
7285
-1495
-3317
1290
-7850
7403
694
2512
-6967
5600
-7159
-289
423
-2614
-7960
-3569
-5170
-5935
-642
7402
1159
356
-86
5719
-4729
1836
-5609
-5789
-4975
5163
3303
-5335
4533
-5645
-4596
2530
-3528
2307
-5324
-4344
-5615
-3012
5982
-4444
-2548
-5502
-2546
7607
6285
110
5657
2501
6899
-7121
-4578
-5252
7574
-2688
-877
3716
2160
-1083
3447
2145
3669
-7105
-6230
-1916
5343
4718
982
-5264
-3351
-4986
3849
6919
6069
-4598
6881
-6668
3246
-5498
-669
-1998
-7228
2664
617
-324
1144
-5123
-3914
-8114
-5770
-3447
1192
5464
216
-4736
-7543
6403
269
-7711
-7549
3419
-7082
8115
-2002
3228
7401
-4713
6088
409
-3148
-2932
6912
327
-7232
-2622

